{
 "cells": [
  {
   "cell_type": "code",
   "execution_count": 88,
   "metadata": {},
   "outputs": [],
   "source": [
    "%matplotlib inline \n",
    "import pandas as pd\n",
    "import numpy as np\n",
    "import datetime as dt\n",
    "from sklearn import metrics\n",
    "from sklearn import linear_model\n",
    "from sklearn import neighbors\n",
    "from sklearn import preprocessing\n",
    "from sklearn.metrics import mean_absolute_error\n",
    "from sklearn.metrics import mean_squared_error\n",
    "from sklearn.feature_selection import RFE\n",
    "from sklearn.linear_model import LinearRegression\n",
    "from sklearn.model_selection import train_test_split\n",
    "\n",
    "from linregress import linearly_regress\n",
    "from linregress import model_averages"
   ]
  },
  {
   "cell_type": "code",
   "execution_count": 89,
   "metadata": {},
   "outputs": [
    {
     "data": {
      "text/html": [
       "<div>\n",
       "<style scoped>\n",
       "    .dataframe tbody tr th:only-of-type {\n",
       "        vertical-align: middle;\n",
       "    }\n",
       "\n",
       "    .dataframe tbody tr th {\n",
       "        vertical-align: top;\n",
       "    }\n",
       "\n",
       "    .dataframe thead th {\n",
       "        text-align: right;\n",
       "    }\n",
       "</style>\n",
       "<table border=\"1\" class=\"dataframe\">\n",
       "  <thead>\n",
       "    <tr style=\"text-align: right;\">\n",
       "      <th></th>\n",
       "      <th>id</th>\n",
       "      <th>date</th>\n",
       "      <th>price</th>\n",
       "      <th>bedrooms</th>\n",
       "      <th>bathrooms</th>\n",
       "      <th>sqft_living</th>\n",
       "      <th>sqft_lot</th>\n",
       "      <th>floors</th>\n",
       "      <th>waterfront</th>\n",
       "      <th>view</th>\n",
       "      <th>...</th>\n",
       "      <th>grade</th>\n",
       "      <th>sqft_above</th>\n",
       "      <th>sqft_basement</th>\n",
       "      <th>yr_built</th>\n",
       "      <th>yr_renovated</th>\n",
       "      <th>zipcode</th>\n",
       "      <th>lat</th>\n",
       "      <th>long</th>\n",
       "      <th>sqft_living15</th>\n",
       "      <th>sqft_lot15</th>\n",
       "    </tr>\n",
       "  </thead>\n",
       "  <tbody>\n",
       "    <tr>\n",
       "      <th>0</th>\n",
       "      <td>7129300520</td>\n",
       "      <td>10/13/2014</td>\n",
       "      <td>221900.0</td>\n",
       "      <td>3</td>\n",
       "      <td>1.00</td>\n",
       "      <td>1180</td>\n",
       "      <td>5650</td>\n",
       "      <td>1.0</td>\n",
       "      <td>NaN</td>\n",
       "      <td>NONE</td>\n",
       "      <td>...</td>\n",
       "      <td>7 Average</td>\n",
       "      <td>1180</td>\n",
       "      <td>0.0</td>\n",
       "      <td>1955</td>\n",
       "      <td>0.0</td>\n",
       "      <td>98178</td>\n",
       "      <td>47.5112</td>\n",
       "      <td>-122.257</td>\n",
       "      <td>1340</td>\n",
       "      <td>5650</td>\n",
       "    </tr>\n",
       "    <tr>\n",
       "      <th>1</th>\n",
       "      <td>6414100192</td>\n",
       "      <td>12/9/2014</td>\n",
       "      <td>538000.0</td>\n",
       "      <td>3</td>\n",
       "      <td>2.25</td>\n",
       "      <td>2570</td>\n",
       "      <td>7242</td>\n",
       "      <td>2.0</td>\n",
       "      <td>NO</td>\n",
       "      <td>NONE</td>\n",
       "      <td>...</td>\n",
       "      <td>7 Average</td>\n",
       "      <td>2170</td>\n",
       "      <td>400.0</td>\n",
       "      <td>1951</td>\n",
       "      <td>1991.0</td>\n",
       "      <td>98125</td>\n",
       "      <td>47.7210</td>\n",
       "      <td>-122.319</td>\n",
       "      <td>1690</td>\n",
       "      <td>7639</td>\n",
       "    </tr>\n",
       "    <tr>\n",
       "      <th>2</th>\n",
       "      <td>5631500400</td>\n",
       "      <td>2/25/2015</td>\n",
       "      <td>180000.0</td>\n",
       "      <td>2</td>\n",
       "      <td>1.00</td>\n",
       "      <td>770</td>\n",
       "      <td>10000</td>\n",
       "      <td>1.0</td>\n",
       "      <td>NO</td>\n",
       "      <td>NONE</td>\n",
       "      <td>...</td>\n",
       "      <td>6 Low Average</td>\n",
       "      <td>770</td>\n",
       "      <td>0.0</td>\n",
       "      <td>1933</td>\n",
       "      <td>NaN</td>\n",
       "      <td>98028</td>\n",
       "      <td>47.7379</td>\n",
       "      <td>-122.233</td>\n",
       "      <td>2720</td>\n",
       "      <td>8062</td>\n",
       "    </tr>\n",
       "    <tr>\n",
       "      <th>3</th>\n",
       "      <td>2487200875</td>\n",
       "      <td>12/9/2014</td>\n",
       "      <td>604000.0</td>\n",
       "      <td>4</td>\n",
       "      <td>3.00</td>\n",
       "      <td>1960</td>\n",
       "      <td>5000</td>\n",
       "      <td>1.0</td>\n",
       "      <td>NO</td>\n",
       "      <td>NONE</td>\n",
       "      <td>...</td>\n",
       "      <td>7 Average</td>\n",
       "      <td>1050</td>\n",
       "      <td>910.0</td>\n",
       "      <td>1965</td>\n",
       "      <td>0.0</td>\n",
       "      <td>98136</td>\n",
       "      <td>47.5208</td>\n",
       "      <td>-122.393</td>\n",
       "      <td>1360</td>\n",
       "      <td>5000</td>\n",
       "    </tr>\n",
       "    <tr>\n",
       "      <th>4</th>\n",
       "      <td>1954400510</td>\n",
       "      <td>2/18/2015</td>\n",
       "      <td>510000.0</td>\n",
       "      <td>3</td>\n",
       "      <td>2.00</td>\n",
       "      <td>1680</td>\n",
       "      <td>8080</td>\n",
       "      <td>1.0</td>\n",
       "      <td>NO</td>\n",
       "      <td>NONE</td>\n",
       "      <td>...</td>\n",
       "      <td>8 Good</td>\n",
       "      <td>1680</td>\n",
       "      <td>0.0</td>\n",
       "      <td>1987</td>\n",
       "      <td>0.0</td>\n",
       "      <td>98074</td>\n",
       "      <td>47.6168</td>\n",
       "      <td>-122.045</td>\n",
       "      <td>1800</td>\n",
       "      <td>7503</td>\n",
       "    </tr>\n",
       "    <tr>\n",
       "      <th>...</th>\n",
       "      <td>...</td>\n",
       "      <td>...</td>\n",
       "      <td>...</td>\n",
       "      <td>...</td>\n",
       "      <td>...</td>\n",
       "      <td>...</td>\n",
       "      <td>...</td>\n",
       "      <td>...</td>\n",
       "      <td>...</td>\n",
       "      <td>...</td>\n",
       "      <td>...</td>\n",
       "      <td>...</td>\n",
       "      <td>...</td>\n",
       "      <td>...</td>\n",
       "      <td>...</td>\n",
       "      <td>...</td>\n",
       "      <td>...</td>\n",
       "      <td>...</td>\n",
       "      <td>...</td>\n",
       "      <td>...</td>\n",
       "      <td>...</td>\n",
       "    </tr>\n",
       "    <tr>\n",
       "      <th>21592</th>\n",
       "      <td>263000018</td>\n",
       "      <td>5/21/2014</td>\n",
       "      <td>360000.0</td>\n",
       "      <td>3</td>\n",
       "      <td>2.50</td>\n",
       "      <td>1530</td>\n",
       "      <td>1131</td>\n",
       "      <td>3.0</td>\n",
       "      <td>NO</td>\n",
       "      <td>NONE</td>\n",
       "      <td>...</td>\n",
       "      <td>8 Good</td>\n",
       "      <td>1530</td>\n",
       "      <td>0.0</td>\n",
       "      <td>2009</td>\n",
       "      <td>0.0</td>\n",
       "      <td>98103</td>\n",
       "      <td>47.6993</td>\n",
       "      <td>-122.346</td>\n",
       "      <td>1530</td>\n",
       "      <td>1509</td>\n",
       "    </tr>\n",
       "    <tr>\n",
       "      <th>21593</th>\n",
       "      <td>6600060120</td>\n",
       "      <td>2/23/2015</td>\n",
       "      <td>400000.0</td>\n",
       "      <td>4</td>\n",
       "      <td>2.50</td>\n",
       "      <td>2310</td>\n",
       "      <td>5813</td>\n",
       "      <td>2.0</td>\n",
       "      <td>NO</td>\n",
       "      <td>NONE</td>\n",
       "      <td>...</td>\n",
       "      <td>8 Good</td>\n",
       "      <td>2310</td>\n",
       "      <td>0.0</td>\n",
       "      <td>2014</td>\n",
       "      <td>0.0</td>\n",
       "      <td>98146</td>\n",
       "      <td>47.5107</td>\n",
       "      <td>-122.362</td>\n",
       "      <td>1830</td>\n",
       "      <td>7200</td>\n",
       "    </tr>\n",
       "    <tr>\n",
       "      <th>21594</th>\n",
       "      <td>1523300141</td>\n",
       "      <td>6/23/2014</td>\n",
       "      <td>402101.0</td>\n",
       "      <td>2</td>\n",
       "      <td>0.75</td>\n",
       "      <td>1020</td>\n",
       "      <td>1350</td>\n",
       "      <td>2.0</td>\n",
       "      <td>NO</td>\n",
       "      <td>NONE</td>\n",
       "      <td>...</td>\n",
       "      <td>7 Average</td>\n",
       "      <td>1020</td>\n",
       "      <td>0.0</td>\n",
       "      <td>2009</td>\n",
       "      <td>0.0</td>\n",
       "      <td>98144</td>\n",
       "      <td>47.5944</td>\n",
       "      <td>-122.299</td>\n",
       "      <td>1020</td>\n",
       "      <td>2007</td>\n",
       "    </tr>\n",
       "    <tr>\n",
       "      <th>21595</th>\n",
       "      <td>291310100</td>\n",
       "      <td>1/16/2015</td>\n",
       "      <td>400000.0</td>\n",
       "      <td>3</td>\n",
       "      <td>2.50</td>\n",
       "      <td>1600</td>\n",
       "      <td>2388</td>\n",
       "      <td>2.0</td>\n",
       "      <td>NaN</td>\n",
       "      <td>NONE</td>\n",
       "      <td>...</td>\n",
       "      <td>8 Good</td>\n",
       "      <td>1600</td>\n",
       "      <td>0.0</td>\n",
       "      <td>2004</td>\n",
       "      <td>0.0</td>\n",
       "      <td>98027</td>\n",
       "      <td>47.5345</td>\n",
       "      <td>-122.069</td>\n",
       "      <td>1410</td>\n",
       "      <td>1287</td>\n",
       "    </tr>\n",
       "    <tr>\n",
       "      <th>21596</th>\n",
       "      <td>1523300157</td>\n",
       "      <td>10/15/2014</td>\n",
       "      <td>325000.0</td>\n",
       "      <td>2</td>\n",
       "      <td>0.75</td>\n",
       "      <td>1020</td>\n",
       "      <td>1076</td>\n",
       "      <td>2.0</td>\n",
       "      <td>NO</td>\n",
       "      <td>NONE</td>\n",
       "      <td>...</td>\n",
       "      <td>7 Average</td>\n",
       "      <td>1020</td>\n",
       "      <td>0.0</td>\n",
       "      <td>2008</td>\n",
       "      <td>0.0</td>\n",
       "      <td>98144</td>\n",
       "      <td>47.5941</td>\n",
       "      <td>-122.299</td>\n",
       "      <td>1020</td>\n",
       "      <td>1357</td>\n",
       "    </tr>\n",
       "  </tbody>\n",
       "</table>\n",
       "<p>21597 rows × 21 columns</p>\n",
       "</div>"
      ],
      "text/plain": [
       "               id        date     price  bedrooms  bathrooms  sqft_living  \\\n",
       "0      7129300520  10/13/2014  221900.0         3       1.00         1180   \n",
       "1      6414100192   12/9/2014  538000.0         3       2.25         2570   \n",
       "2      5631500400   2/25/2015  180000.0         2       1.00          770   \n",
       "3      2487200875   12/9/2014  604000.0         4       3.00         1960   \n",
       "4      1954400510   2/18/2015  510000.0         3       2.00         1680   \n",
       "...           ...         ...       ...       ...        ...          ...   \n",
       "21592   263000018   5/21/2014  360000.0         3       2.50         1530   \n",
       "21593  6600060120   2/23/2015  400000.0         4       2.50         2310   \n",
       "21594  1523300141   6/23/2014  402101.0         2       0.75         1020   \n",
       "21595   291310100   1/16/2015  400000.0         3       2.50         1600   \n",
       "21596  1523300157  10/15/2014  325000.0         2       0.75         1020   \n",
       "\n",
       "       sqft_lot  floors waterfront  view  ...          grade sqft_above  \\\n",
       "0          5650     1.0        NaN  NONE  ...      7 Average       1180   \n",
       "1          7242     2.0         NO  NONE  ...      7 Average       2170   \n",
       "2         10000     1.0         NO  NONE  ...  6 Low Average        770   \n",
       "3          5000     1.0         NO  NONE  ...      7 Average       1050   \n",
       "4          8080     1.0         NO  NONE  ...         8 Good       1680   \n",
       "...         ...     ...        ...   ...  ...            ...        ...   \n",
       "21592      1131     3.0         NO  NONE  ...         8 Good       1530   \n",
       "21593      5813     2.0         NO  NONE  ...         8 Good       2310   \n",
       "21594      1350     2.0         NO  NONE  ...      7 Average       1020   \n",
       "21595      2388     2.0        NaN  NONE  ...         8 Good       1600   \n",
       "21596      1076     2.0         NO  NONE  ...      7 Average       1020   \n",
       "\n",
       "       sqft_basement yr_built  yr_renovated  zipcode      lat     long  \\\n",
       "0                0.0     1955           0.0    98178  47.5112 -122.257   \n",
       "1              400.0     1951        1991.0    98125  47.7210 -122.319   \n",
       "2                0.0     1933           NaN    98028  47.7379 -122.233   \n",
       "3              910.0     1965           0.0    98136  47.5208 -122.393   \n",
       "4                0.0     1987           0.0    98074  47.6168 -122.045   \n",
       "...              ...      ...           ...      ...      ...      ...   \n",
       "21592            0.0     2009           0.0    98103  47.6993 -122.346   \n",
       "21593            0.0     2014           0.0    98146  47.5107 -122.362   \n",
       "21594            0.0     2009           0.0    98144  47.5944 -122.299   \n",
       "21595            0.0     2004           0.0    98027  47.5345 -122.069   \n",
       "21596            0.0     2008           0.0    98144  47.5941 -122.299   \n",
       "\n",
       "       sqft_living15  sqft_lot15  \n",
       "0               1340        5650  \n",
       "1               1690        7639  \n",
       "2               2720        8062  \n",
       "3               1360        5000  \n",
       "4               1800        7503  \n",
       "...              ...         ...  \n",
       "21592           1530        1509  \n",
       "21593           1830        7200  \n",
       "21594           1020        2007  \n",
       "21595           1410        1287  \n",
       "21596           1020        1357  \n",
       "\n",
       "[21597 rows x 21 columns]"
      ]
     },
     "execution_count": 89,
     "metadata": {},
     "output_type": "execute_result"
    }
   ],
   "source": [
    "df = pd.read_csv('data/kc_house_data.csv')\n",
    "\n",
    "df"
   ]
  },
  {
   "cell_type": "code",
   "execution_count": 90,
   "metadata": {},
   "outputs": [],
   "source": [
    "df.dropna(inplace=True)"
   ]
  },
  {
   "cell_type": "code",
   "execution_count": 91,
   "metadata": {},
   "outputs": [],
   "source": [
    "df.replace({'NO': 0, 'YES': 1}, inplace = True)"
   ]
  },
  {
   "cell_type": "code",
   "execution_count": 92,
   "metadata": {},
   "outputs": [
    {
     "data": {
      "text/plain": [
       "array(['NONE', 'GOOD', 'EXCELLENT', 'AVERAGE', 'FAIR'], dtype=object)"
      ]
     },
     "execution_count": 92,
     "metadata": {},
     "output_type": "execute_result"
    }
   ],
   "source": [
    "df['view'].unique()"
   ]
  },
  {
   "cell_type": "code",
   "execution_count": 93,
   "metadata": {},
   "outputs": [],
   "source": [
    "df.replace({'NONE': 0, 'FAIR': 1, 'AVERAGE': 2, 'GOOD': 3, 'EXCELLENT': 4}, inplace= True)"
   ]
  },
  {
   "cell_type": "code",
   "execution_count": 94,
   "metadata": {},
   "outputs": [],
   "source": [
    "df['yr_renovated'].mask(df['yr_renovated'] == 0, df['yr_built'], inplace = True)\n"
   ]
  },
  {
   "cell_type": "code",
   "execution_count": 95,
   "metadata": {},
   "outputs": [],
   "source": [
    "# df.drop(columns = ['yr_built', 'bedrooms', 'bathrooms', 'sqft_above'], inplace = True)"
   ]
  },
  {
   "cell_type": "code",
   "execution_count": 96,
   "metadata": {},
   "outputs": [
    {
     "data": {
      "text/plain": [
       "Index(['id', 'date', 'price', 'bedrooms', 'bathrooms', 'sqft_living',\n",
       "       'sqft_lot', 'floors', 'waterfront', 'view', 'condition', 'grade',\n",
       "       'sqft_above', 'sqft_basement', 'yr_built', 'yr_renovated', 'zipcode',\n",
       "       'lat', 'long', 'sqft_living15', 'sqft_lot15'],\n",
       "      dtype='object')"
      ]
     },
     "execution_count": 96,
     "metadata": {},
     "output_type": "execute_result"
    }
   ],
   "source": [
    "df.columns"
   ]
  },
  {
   "cell_type": "code",
   "execution_count": 97,
   "metadata": {},
   "outputs": [],
   "source": [
    "# numeric_df = df.drop(columns = ['id', 'date', 'sqft_lot15', 'sqft_living15', 'sqft_lot'])"
   ]
  },
  {
   "cell_type": "code",
   "execution_count": 98,
   "metadata": {},
   "outputs": [],
   "source": [
    "numeric_df = df"
   ]
  },
  {
   "cell_type": "code",
   "execution_count": 99,
   "metadata": {},
   "outputs": [],
   "source": [
    "numeric_df.replace({'7 Average': 7, '8 Good': 8, '11 Excellent': 11, '9 Better': 9, '6 Low Average': 6, '5 Fair': 5, '10 Very Good': 10, '12 Luxury': 12, '4 Low': 4, '3 Poor': 3, '13 Mansion': 13}, inplace = True)"
   ]
  },
  {
   "cell_type": "code",
   "execution_count": 100,
   "metadata": {},
   "outputs": [
    {
     "data": {
      "text/plain": [
       "array(['Average', 'Very Good', 'Good', 'Poor', 'Fair'], dtype=object)"
      ]
     },
     "execution_count": 100,
     "metadata": {},
     "output_type": "execute_result"
    }
   ],
   "source": [
    "numeric_df['condition'].unique()"
   ]
  },
  {
   "cell_type": "code",
   "execution_count": 101,
   "metadata": {},
   "outputs": [],
   "source": [
    "numeric_df.replace({'Poor': 0, 'Fair': 1, 'Average': 2, 'Good': 3, 'Very Good': 4}, inplace = True)"
   ]
  },
  {
   "cell_type": "code",
   "execution_count": 102,
   "metadata": {},
   "outputs": [],
   "source": [
    "# numeric_df.drop(columns = 'sqft_basement', inplace = True)"
   ]
  },
  {
   "cell_type": "code",
   "execution_count": 103,
   "metadata": {},
   "outputs": [
    {
     "data": {
      "text/html": [
       "<div>\n",
       "<style scoped>\n",
       "    .dataframe tbody tr th:only-of-type {\n",
       "        vertical-align: middle;\n",
       "    }\n",
       "\n",
       "    .dataframe tbody tr th {\n",
       "        vertical-align: top;\n",
       "    }\n",
       "\n",
       "    .dataframe thead th {\n",
       "        text-align: right;\n",
       "    }\n",
       "</style>\n",
       "<table border=\"1\" class=\"dataframe\">\n",
       "  <thead>\n",
       "    <tr style=\"text-align: right;\">\n",
       "      <th></th>\n",
       "      <th>id</th>\n",
       "      <th>price</th>\n",
       "      <th>bedrooms</th>\n",
       "      <th>bathrooms</th>\n",
       "      <th>sqft_living</th>\n",
       "      <th>sqft_lot</th>\n",
       "      <th>floors</th>\n",
       "      <th>waterfront</th>\n",
       "      <th>view</th>\n",
       "      <th>condition</th>\n",
       "      <th>grade</th>\n",
       "      <th>sqft_above</th>\n",
       "      <th>yr_built</th>\n",
       "      <th>yr_renovated</th>\n",
       "      <th>zipcode</th>\n",
       "      <th>lat</th>\n",
       "      <th>long</th>\n",
       "      <th>sqft_living15</th>\n",
       "      <th>sqft_lot15</th>\n",
       "    </tr>\n",
       "  </thead>\n",
       "  <tbody>\n",
       "    <tr>\n",
       "      <th>id</th>\n",
       "      <td>1.000000</td>\n",
       "      <td>-0.015183</td>\n",
       "      <td>0.007806</td>\n",
       "      <td>0.005569</td>\n",
       "      <td>-0.008255</td>\n",
       "      <td>-0.135739</td>\n",
       "      <td>0.020538</td>\n",
       "      <td>-0.001516</td>\n",
       "      <td>0.014639</td>\n",
       "      <td>-0.023334</td>\n",
       "      <td>0.008695</td>\n",
       "      <td>-0.009154</td>\n",
       "      <td>0.023832</td>\n",
       "      <td>0.023360</td>\n",
       "      <td>-0.007404</td>\n",
       "      <td>-0.004967</td>\n",
       "      <td>0.019701</td>\n",
       "      <td>0.000897</td>\n",
       "      <td>-0.141266</td>\n",
       "    </tr>\n",
       "    <tr>\n",
       "      <th>price</th>\n",
       "      <td>-0.015183</td>\n",
       "      <td>1.000000</td>\n",
       "      <td>0.305489</td>\n",
       "      <td>0.526155</td>\n",
       "      <td>0.706189</td>\n",
       "      <td>0.084504</td>\n",
       "      <td>0.259505</td>\n",
       "      <td>0.274212</td>\n",
       "      <td>0.396862</td>\n",
       "      <td>0.034367</td>\n",
       "      <td>0.664146</td>\n",
       "      <td>0.612014</td>\n",
       "      <td>0.049345</td>\n",
       "      <td>0.100023</td>\n",
       "      <td>-0.049502</td>\n",
       "      <td>0.306607</td>\n",
       "      <td>0.021215</td>\n",
       "      <td>0.581572</td>\n",
       "      <td>0.079402</td>\n",
       "    </tr>\n",
       "    <tr>\n",
       "      <th>bedrooms</th>\n",
       "      <td>0.007806</td>\n",
       "      <td>0.305489</td>\n",
       "      <td>1.000000</td>\n",
       "      <td>0.512243</td>\n",
       "      <td>0.573575</td>\n",
       "      <td>0.025460</td>\n",
       "      <td>0.180485</td>\n",
       "      <td>-0.005833</td>\n",
       "      <td>0.080577</td>\n",
       "      <td>0.020074</td>\n",
       "      <td>0.354243</td>\n",
       "      <td>0.474272</td>\n",
       "      <td>0.153229</td>\n",
       "      <td>0.163990</td>\n",
       "      <td>-0.147255</td>\n",
       "      <td>-0.005917</td>\n",
       "      <td>0.129370</td>\n",
       "      <td>0.390720</td>\n",
       "      <td>0.025217</td>\n",
       "    </tr>\n",
       "    <tr>\n",
       "      <th>bathrooms</th>\n",
       "      <td>0.005569</td>\n",
       "      <td>0.526155</td>\n",
       "      <td>0.512243</td>\n",
       "      <td>1.000000</td>\n",
       "      <td>0.753846</td>\n",
       "      <td>0.080362</td>\n",
       "      <td>0.505187</td>\n",
       "      <td>0.065688</td>\n",
       "      <td>0.180923</td>\n",
       "      <td>-0.130287</td>\n",
       "      <td>0.664748</td>\n",
       "      <td>0.685677</td>\n",
       "      <td>0.504841</td>\n",
       "      <td>0.534258</td>\n",
       "      <td>-0.199625</td>\n",
       "      <td>0.029930</td>\n",
       "      <td>0.222755</td>\n",
       "      <td>0.569290</td>\n",
       "      <td>0.081984</td>\n",
       "    </tr>\n",
       "    <tr>\n",
       "      <th>sqft_living</th>\n",
       "      <td>-0.008255</td>\n",
       "      <td>0.706189</td>\n",
       "      <td>0.573575</td>\n",
       "      <td>0.753846</td>\n",
       "      <td>1.000000</td>\n",
       "      <td>0.165336</td>\n",
       "      <td>0.359407</td>\n",
       "      <td>0.111491</td>\n",
       "      <td>0.285506</td>\n",
       "      <td>-0.062319</td>\n",
       "      <td>0.764251</td>\n",
       "      <td>0.876176</td>\n",
       "      <td>0.314220</td>\n",
       "      <td>0.338318</td>\n",
       "      <td>-0.196537</td>\n",
       "      <td>0.058394</td>\n",
       "      <td>0.239521</td>\n",
       "      <td>0.756676</td>\n",
       "      <td>0.176820</td>\n",
       "    </tr>\n",
       "    <tr>\n",
       "      <th>sqft_lot</th>\n",
       "      <td>-0.135739</td>\n",
       "      <td>0.084504</td>\n",
       "      <td>0.025460</td>\n",
       "      <td>0.080362</td>\n",
       "      <td>0.165336</td>\n",
       "      <td>1.000000</td>\n",
       "      <td>-0.009924</td>\n",
       "      <td>0.025982</td>\n",
       "      <td>0.077073</td>\n",
       "      <td>-0.016036</td>\n",
       "      <td>0.108950</td>\n",
       "      <td>0.174216</td>\n",
       "      <td>0.051578</td>\n",
       "      <td>0.048777</td>\n",
       "      <td>-0.129494</td>\n",
       "      <td>-0.084304</td>\n",
       "      <td>0.231638</td>\n",
       "      <td>0.145393</td>\n",
       "      <td>0.718489</td>\n",
       "    </tr>\n",
       "    <tr>\n",
       "      <th>floors</th>\n",
       "      <td>0.020538</td>\n",
       "      <td>0.259505</td>\n",
       "      <td>0.180485</td>\n",
       "      <td>0.505187</td>\n",
       "      <td>0.359407</td>\n",
       "      <td>-0.009924</td>\n",
       "      <td>1.000000</td>\n",
       "      <td>0.018382</td>\n",
       "      <td>0.027518</td>\n",
       "      <td>-0.261013</td>\n",
       "      <td>0.459843</td>\n",
       "      <td>0.529101</td>\n",
       "      <td>0.487052</td>\n",
       "      <td>0.499460</td>\n",
       "      <td>-0.058130</td>\n",
       "      <td>0.058190</td>\n",
       "      <td>0.129769</td>\n",
       "      <td>0.281982</td>\n",
       "      <td>-0.013571</td>\n",
       "    </tr>\n",
       "    <tr>\n",
       "      <th>waterfront</th>\n",
       "      <td>-0.001516</td>\n",
       "      <td>0.274212</td>\n",
       "      <td>-0.005833</td>\n",
       "      <td>0.065688</td>\n",
       "      <td>0.111491</td>\n",
       "      <td>0.025982</td>\n",
       "      <td>0.018382</td>\n",
       "      <td>1.000000</td>\n",
       "      <td>0.409773</td>\n",
       "      <td>0.016454</td>\n",
       "      <td>0.083034</td>\n",
       "      <td>0.077165</td>\n",
       "      <td>-0.024068</td>\n",
       "      <td>-0.001108</td>\n",
       "      <td>0.030391</td>\n",
       "      <td>-0.015935</td>\n",
       "      <td>-0.042324</td>\n",
       "      <td>0.090588</td>\n",
       "      <td>0.029636</td>\n",
       "    </tr>\n",
       "    <tr>\n",
       "      <th>view</th>\n",
       "      <td>0.014639</td>\n",
       "      <td>0.396862</td>\n",
       "      <td>0.080577</td>\n",
       "      <td>0.180923</td>\n",
       "      <td>0.285506</td>\n",
       "      <td>0.077073</td>\n",
       "      <td>0.027518</td>\n",
       "      <td>0.409773</td>\n",
       "      <td>1.000000</td>\n",
       "      <td>0.046354</td>\n",
       "      <td>0.248679</td>\n",
       "      <td>0.170726</td>\n",
       "      <td>-0.056645</td>\n",
       "      <td>-0.023260</td>\n",
       "      <td>0.086479</td>\n",
       "      <td>0.008403</td>\n",
       "      <td>-0.078500</td>\n",
       "      <td>0.277778</td>\n",
       "      <td>0.071496</td>\n",
       "    </tr>\n",
       "    <tr>\n",
       "      <th>condition</th>\n",
       "      <td>-0.023334</td>\n",
       "      <td>0.034367</td>\n",
       "      <td>0.020074</td>\n",
       "      <td>-0.130287</td>\n",
       "      <td>-0.062319</td>\n",
       "      <td>-0.016036</td>\n",
       "      <td>-0.261013</td>\n",
       "      <td>0.016454</td>\n",
       "      <td>0.046354</td>\n",
       "      <td>1.000000</td>\n",
       "      <td>-0.147810</td>\n",
       "      <td>-0.157958</td>\n",
       "      <td>-0.366938</td>\n",
       "      <td>-0.401191</td>\n",
       "      <td>0.001685</td>\n",
       "      <td>-0.022250</td>\n",
       "      <td>-0.105823</td>\n",
       "      <td>-0.096336</td>\n",
       "      <td>-0.005139</td>\n",
       "    </tr>\n",
       "    <tr>\n",
       "      <th>grade</th>\n",
       "      <td>0.008695</td>\n",
       "      <td>0.664146</td>\n",
       "      <td>0.354243</td>\n",
       "      <td>0.664748</td>\n",
       "      <td>0.764251</td>\n",
       "      <td>0.108950</td>\n",
       "      <td>0.459843</td>\n",
       "      <td>0.083034</td>\n",
       "      <td>0.248679</td>\n",
       "      <td>-0.147810</td>\n",
       "      <td>1.000000</td>\n",
       "      <td>0.758289</td>\n",
       "      <td>0.443286</td>\n",
       "      <td>0.456067</td>\n",
       "      <td>-0.184120</td>\n",
       "      <td>0.117425</td>\n",
       "      <td>0.200680</td>\n",
       "      <td>0.717031</td>\n",
       "      <td>0.116671</td>\n",
       "    </tr>\n",
       "    <tr>\n",
       "      <th>sqft_above</th>\n",
       "      <td>-0.009154</td>\n",
       "      <td>0.612014</td>\n",
       "      <td>0.474272</td>\n",
       "      <td>0.685677</td>\n",
       "      <td>0.876176</td>\n",
       "      <td>0.174216</td>\n",
       "      <td>0.529101</td>\n",
       "      <td>0.077165</td>\n",
       "      <td>0.170726</td>\n",
       "      <td>-0.157958</td>\n",
       "      <td>0.758289</td>\n",
       "      <td>1.000000</td>\n",
       "      <td>0.418850</td>\n",
       "      <td>0.429655</td>\n",
       "      <td>-0.257359</td>\n",
       "      <td>0.009045</td>\n",
       "      <td>0.342034</td>\n",
       "      <td>0.732636</td>\n",
       "      <td>0.185505</td>\n",
       "    </tr>\n",
       "    <tr>\n",
       "      <th>yr_built</th>\n",
       "      <td>0.023832</td>\n",
       "      <td>0.049345</td>\n",
       "      <td>0.153229</td>\n",
       "      <td>0.504841</td>\n",
       "      <td>0.314220</td>\n",
       "      <td>0.051578</td>\n",
       "      <td>0.487052</td>\n",
       "      <td>-0.024068</td>\n",
       "      <td>-0.056645</td>\n",
       "      <td>-0.366938</td>\n",
       "      <td>0.443286</td>\n",
       "      <td>0.418850</td>\n",
       "      <td>1.000000</td>\n",
       "      <td>0.911762</td>\n",
       "      <td>-0.344252</td>\n",
       "      <td>-0.144089</td>\n",
       "      <td>0.408623</td>\n",
       "      <td>0.322190</td>\n",
       "      <td>0.070430</td>\n",
       "    </tr>\n",
       "    <tr>\n",
       "      <th>yr_renovated</th>\n",
       "      <td>0.023360</td>\n",
       "      <td>0.100023</td>\n",
       "      <td>0.163990</td>\n",
       "      <td>0.534258</td>\n",
       "      <td>0.338318</td>\n",
       "      <td>0.048777</td>\n",
       "      <td>0.499460</td>\n",
       "      <td>-0.001108</td>\n",
       "      <td>-0.023260</td>\n",
       "      <td>-0.401191</td>\n",
       "      <td>0.456067</td>\n",
       "      <td>0.429655</td>\n",
       "      <td>0.911762</td>\n",
       "      <td>1.000000</td>\n",
       "      <td>-0.316609</td>\n",
       "      <td>-0.130761</td>\n",
       "      <td>0.380645</td>\n",
       "      <td>0.319293</td>\n",
       "      <td>0.068297</td>\n",
       "    </tr>\n",
       "    <tr>\n",
       "      <th>zipcode</th>\n",
       "      <td>-0.007404</td>\n",
       "      <td>-0.049502</td>\n",
       "      <td>-0.147255</td>\n",
       "      <td>-0.199625</td>\n",
       "      <td>-0.196537</td>\n",
       "      <td>-0.129494</td>\n",
       "      <td>-0.058130</td>\n",
       "      <td>0.030391</td>\n",
       "      <td>0.086479</td>\n",
       "      <td>0.001685</td>\n",
       "      <td>-0.184120</td>\n",
       "      <td>-0.257359</td>\n",
       "      <td>-0.344252</td>\n",
       "      <td>-0.316609</td>\n",
       "      <td>1.000000</td>\n",
       "      <td>0.267763</td>\n",
       "      <td>-0.562154</td>\n",
       "      <td>-0.280086</td>\n",
       "      <td>-0.146111</td>\n",
       "    </tr>\n",
       "    <tr>\n",
       "      <th>lat</th>\n",
       "      <td>-0.004967</td>\n",
       "      <td>0.306607</td>\n",
       "      <td>-0.005917</td>\n",
       "      <td>0.029930</td>\n",
       "      <td>0.058394</td>\n",
       "      <td>-0.084304</td>\n",
       "      <td>0.058190</td>\n",
       "      <td>-0.015935</td>\n",
       "      <td>0.008403</td>\n",
       "      <td>-0.022250</td>\n",
       "      <td>0.117425</td>\n",
       "      <td>0.009045</td>\n",
       "      <td>-0.144089</td>\n",
       "      <td>-0.130761</td>\n",
       "      <td>0.267763</td>\n",
       "      <td>1.000000</td>\n",
       "      <td>-0.133840</td>\n",
       "      <td>0.047319</td>\n",
       "      <td>-0.082980</td>\n",
       "    </tr>\n",
       "    <tr>\n",
       "      <th>long</th>\n",
       "      <td>0.019701</td>\n",
       "      <td>0.021215</td>\n",
       "      <td>0.129370</td>\n",
       "      <td>0.222755</td>\n",
       "      <td>0.239521</td>\n",
       "      <td>0.231638</td>\n",
       "      <td>0.129769</td>\n",
       "      <td>-0.042324</td>\n",
       "      <td>-0.078500</td>\n",
       "      <td>-0.105823</td>\n",
       "      <td>0.200680</td>\n",
       "      <td>0.342034</td>\n",
       "      <td>0.408623</td>\n",
       "      <td>0.380645</td>\n",
       "      <td>-0.562154</td>\n",
       "      <td>-0.133840</td>\n",
       "      <td>1.000000</td>\n",
       "      <td>0.339699</td>\n",
       "      <td>0.254721</td>\n",
       "    </tr>\n",
       "    <tr>\n",
       "      <th>sqft_living15</th>\n",
       "      <td>0.000897</td>\n",
       "      <td>0.581572</td>\n",
       "      <td>0.390720</td>\n",
       "      <td>0.569290</td>\n",
       "      <td>0.756676</td>\n",
       "      <td>0.145393</td>\n",
       "      <td>0.281982</td>\n",
       "      <td>0.090588</td>\n",
       "      <td>0.277778</td>\n",
       "      <td>-0.096336</td>\n",
       "      <td>0.717031</td>\n",
       "      <td>0.732636</td>\n",
       "      <td>0.322190</td>\n",
       "      <td>0.319293</td>\n",
       "      <td>-0.280086</td>\n",
       "      <td>0.047319</td>\n",
       "      <td>0.339699</td>\n",
       "      <td>1.000000</td>\n",
       "      <td>0.181315</td>\n",
       "    </tr>\n",
       "    <tr>\n",
       "      <th>sqft_lot15</th>\n",
       "      <td>-0.141266</td>\n",
       "      <td>0.079402</td>\n",
       "      <td>0.025217</td>\n",
       "      <td>0.081984</td>\n",
       "      <td>0.176820</td>\n",
       "      <td>0.718489</td>\n",
       "      <td>-0.013571</td>\n",
       "      <td>0.029636</td>\n",
       "      <td>0.071496</td>\n",
       "      <td>-0.005139</td>\n",
       "      <td>0.116671</td>\n",
       "      <td>0.185505</td>\n",
       "      <td>0.070430</td>\n",
       "      <td>0.068297</td>\n",
       "      <td>-0.146111</td>\n",
       "      <td>-0.082980</td>\n",
       "      <td>0.254721</td>\n",
       "      <td>0.181315</td>\n",
       "      <td>1.000000</td>\n",
       "    </tr>\n",
       "  </tbody>\n",
       "</table>\n",
       "</div>"
      ],
      "text/plain": [
       "                     id     price  bedrooms  bathrooms  sqft_living  sqft_lot  \\\n",
       "id             1.000000 -0.015183  0.007806   0.005569    -0.008255 -0.135739   \n",
       "price         -0.015183  1.000000  0.305489   0.526155     0.706189  0.084504   \n",
       "bedrooms       0.007806  0.305489  1.000000   0.512243     0.573575  0.025460   \n",
       "bathrooms      0.005569  0.526155  0.512243   1.000000     0.753846  0.080362   \n",
       "sqft_living   -0.008255  0.706189  0.573575   0.753846     1.000000  0.165336   \n",
       "sqft_lot      -0.135739  0.084504  0.025460   0.080362     0.165336  1.000000   \n",
       "floors         0.020538  0.259505  0.180485   0.505187     0.359407 -0.009924   \n",
       "waterfront    -0.001516  0.274212 -0.005833   0.065688     0.111491  0.025982   \n",
       "view           0.014639  0.396862  0.080577   0.180923     0.285506  0.077073   \n",
       "condition     -0.023334  0.034367  0.020074  -0.130287    -0.062319 -0.016036   \n",
       "grade          0.008695  0.664146  0.354243   0.664748     0.764251  0.108950   \n",
       "sqft_above    -0.009154  0.612014  0.474272   0.685677     0.876176  0.174216   \n",
       "yr_built       0.023832  0.049345  0.153229   0.504841     0.314220  0.051578   \n",
       "yr_renovated   0.023360  0.100023  0.163990   0.534258     0.338318  0.048777   \n",
       "zipcode       -0.007404 -0.049502 -0.147255  -0.199625    -0.196537 -0.129494   \n",
       "lat           -0.004967  0.306607 -0.005917   0.029930     0.058394 -0.084304   \n",
       "long           0.019701  0.021215  0.129370   0.222755     0.239521  0.231638   \n",
       "sqft_living15  0.000897  0.581572  0.390720   0.569290     0.756676  0.145393   \n",
       "sqft_lot15    -0.141266  0.079402  0.025217   0.081984     0.176820  0.718489   \n",
       "\n",
       "                 floors  waterfront      view  condition     grade  \\\n",
       "id             0.020538   -0.001516  0.014639  -0.023334  0.008695   \n",
       "price          0.259505    0.274212  0.396862   0.034367  0.664146   \n",
       "bedrooms       0.180485   -0.005833  0.080577   0.020074  0.354243   \n",
       "bathrooms      0.505187    0.065688  0.180923  -0.130287  0.664748   \n",
       "sqft_living    0.359407    0.111491  0.285506  -0.062319  0.764251   \n",
       "sqft_lot      -0.009924    0.025982  0.077073  -0.016036  0.108950   \n",
       "floors         1.000000    0.018382  0.027518  -0.261013  0.459843   \n",
       "waterfront     0.018382    1.000000  0.409773   0.016454  0.083034   \n",
       "view           0.027518    0.409773  1.000000   0.046354  0.248679   \n",
       "condition     -0.261013    0.016454  0.046354   1.000000 -0.147810   \n",
       "grade          0.459843    0.083034  0.248679  -0.147810  1.000000   \n",
       "sqft_above     0.529101    0.077165  0.170726  -0.157958  0.758289   \n",
       "yr_built       0.487052   -0.024068 -0.056645  -0.366938  0.443286   \n",
       "yr_renovated   0.499460   -0.001108 -0.023260  -0.401191  0.456067   \n",
       "zipcode       -0.058130    0.030391  0.086479   0.001685 -0.184120   \n",
       "lat            0.058190   -0.015935  0.008403  -0.022250  0.117425   \n",
       "long           0.129769   -0.042324 -0.078500  -0.105823  0.200680   \n",
       "sqft_living15  0.281982    0.090588  0.277778  -0.096336  0.717031   \n",
       "sqft_lot15    -0.013571    0.029636  0.071496  -0.005139  0.116671   \n",
       "\n",
       "               sqft_above  yr_built  yr_renovated   zipcode       lat  \\\n",
       "id              -0.009154  0.023832      0.023360 -0.007404 -0.004967   \n",
       "price            0.612014  0.049345      0.100023 -0.049502  0.306607   \n",
       "bedrooms         0.474272  0.153229      0.163990 -0.147255 -0.005917   \n",
       "bathrooms        0.685677  0.504841      0.534258 -0.199625  0.029930   \n",
       "sqft_living      0.876176  0.314220      0.338318 -0.196537  0.058394   \n",
       "sqft_lot         0.174216  0.051578      0.048777 -0.129494 -0.084304   \n",
       "floors           0.529101  0.487052      0.499460 -0.058130  0.058190   \n",
       "waterfront       0.077165 -0.024068     -0.001108  0.030391 -0.015935   \n",
       "view             0.170726 -0.056645     -0.023260  0.086479  0.008403   \n",
       "condition       -0.157958 -0.366938     -0.401191  0.001685 -0.022250   \n",
       "grade            0.758289  0.443286      0.456067 -0.184120  0.117425   \n",
       "sqft_above       1.000000  0.418850      0.429655 -0.257359  0.009045   \n",
       "yr_built         0.418850  1.000000      0.911762 -0.344252 -0.144089   \n",
       "yr_renovated     0.429655  0.911762      1.000000 -0.316609 -0.130761   \n",
       "zipcode         -0.257359 -0.344252     -0.316609  1.000000  0.267763   \n",
       "lat              0.009045 -0.144089     -0.130761  0.267763  1.000000   \n",
       "long             0.342034  0.408623      0.380645 -0.562154 -0.133840   \n",
       "sqft_living15    0.732636  0.322190      0.319293 -0.280086  0.047319   \n",
       "sqft_lot15       0.185505  0.070430      0.068297 -0.146111 -0.082980   \n",
       "\n",
       "                   long  sqft_living15  sqft_lot15  \n",
       "id             0.019701       0.000897   -0.141266  \n",
       "price          0.021215       0.581572    0.079402  \n",
       "bedrooms       0.129370       0.390720    0.025217  \n",
       "bathrooms      0.222755       0.569290    0.081984  \n",
